Depth [m],Temp. [deg C],Sal. [ ],Cond. [mS/cm],EC25 [uS/cm],Density [kg/m^3],SigmaT [ ],Chl-Flu. [ppb],Chl-a [ug/l],Turb-M [FTU],DO [%],Weiss-DO [mg/l],Batt. [V],G&G-DO [mg/l],B&K-DO [mg/l],
0.000,21.319,0.012,0.007,7.770,997.933,-2.067,0.14,0.14,7.97,72.17,6.452,8.23,6.466,6.466,
0.100,21.134,0.120,0.230,251.198,998.057,-1.944,3.35,3.35,89.16,65.72,5.836,8.16,5.849,5.849,
0.200,21.436,0.118,0.227,246.838,997.989,-2.012,4.58,4.58,69.40,64.94,5.742,8.15,5.754,5.754,
0.300,21.451,0.118,0.227,246.014,997.986,-2.015,5.15,5.15,71.17,67.44,5.958,8.15,5.971,5.971,
0.400,21.454,0.118,0.227,245.918,997.986,-2.016,5.79,5.79,75.10,69.57,6.143,8.15,6.157,6.157,
0.500,21.453,0.118,0.227,246.280,997.987,-2.015,5.47,5.47,74.00,67.55,5.963,8.15,5.976,5.976,
0.600,21.451,0.118,0.227,246.044,997.987,-2.015,5.05,5.05,72.60,66.12,5.835,8.15,5.848,5.848,
0.700,21.452,0.118,0.227,246.502,997.988,-2.015,4.81,4.81,72.65,62.95,5.555,8.16,5.567,5.567,
0.800,21.449,0.118,0.228,246.968,997.989,-2.014,4.77,4.77,73.84,68.68,6.060,8.16,6.073,6.074,
0.900,21.457,0.118,0.227,245.798,997.988,-2.016,4.69,4.69,72.38,65.94,5.818,8.15,5.830,5.831,
1.000,21.457,0.116,0.224,242.395,997.987,-2.018,4.63,4.63,71.47,75.68,6.676,8.16,6.691,6.691,
1.100,21.460,0.118,0.227,245.650,997.988,-2.017,4.56,4.56,69.07,74.94,6.610,8.14,6.625,6.625,
1.200,21.461,0.118,0.227,245.732,997.988,-2.017,4.68,4.68,74.21,69.36,6.117,8.15,6.131,6.131,
1.300,21.460,0.118,0.227,245.825,997.989,-2.017,4.56,4.56,72.99,71.58,6.313,8.16,6.327,6.327,
1.400,21.459,0.118,0.227,245.730,997.989,-2.017,4.56,4.56,73.26,70.45,6.214,8.15,6.228,6.228,
1.500,21.459,0.118,0.226,245.578,997.990,-2.017,4.54,4.54,71.27,74.84,6.600,8.16,6.615,6.615,
1.600,21.459,0.118,0.226,245.445,997.990,-2.017,4.50,4.50,69.79,66.75,5.887,8.15,5.900,5.900,
1.700,21.459,0.118,0.227,245.821,997.991,-2.017,4.51,4.51,70.50,66.18,5.836,8.16,5.849,5.849,
1.800,21.459,0.118,0.227,245.713,997.991,-2.017,4.50,4.50,70.43,66.85,5.895,8.16,5.908,5.908,
1.900,21.458,0.118,0.227,245.846,997.992,-2.017,4.48,4.48,69.77,67.90,5.988,8.15,6.001,6.002,
2.000,21.451,0.119,0.228,247.717,997.994,-2.015,4.50,4.50,72.81,74.16,6.541,8.16,6.555,6.556,
2.100,21.445,0.119,0.228,247.825,997.996,-2.013,4.48,4.48,72.46,72.01,6.352,8.16,6.366,6.366,
2.200,21.444,0.119,0.228,247.814,997.997,-2.013,4.49,4.49,72.70,67.86,5.986,8.15,5.999,5.999,
2.300,21.444,0.118,0.228,247.496,997.997,-2.013,4.50,4.50,72.32,64.16,5.660,8.16,5.672,5.672,
2.400,21.444,0.119,0.229,248.868,997.998,-2.013,4.50,4.50,72.40,85.40,7.534,8.15,7.550,7.550,
2.500,21.442,0.119,0.230,249.468,997.999,-2.012,4.51,4.51,72.66,85.10,7.507,8.16,7.524,7.524,
2.600,21.434,0.120,0.231,251.115,998.002,-2.010,4.53,4.53,72.74,70.82,6.248,8.15,6.261,6.262,
2.700,21.433,0.120,0.231,250.870,998.003,-2.009,4.52,4.52,72.37,77.80,6.864,8.16,6.879,6.879,
2.800,21.434,0.120,0.231,250.578,998.003,-2.010,4.51,4.51,72.57,69.15,6.101,8.14,6.114,6.114,
2.900,21.434,0.120,0.231,250.417,998.003,-2.010,4.50,4.50,72.19,62.61,5.524,8.15,5.536,5.536,
3.000,21.433,0.120,0.231,250.977,998.004,-2.009,4.50,4.50,72.26,66.00,5.823,8.16,5.835,5.836,
3.100,21.432,0.121,0.232,252.065,998.005,-2.009,4.52,4.52,72.27,70.75,6.242,8.16,6.256,6.256,
3.200,21.432,0.121,0.233,252.484,998.006,-2.009,4.53,4.53,72.46,67.35,5.942,8.16,5.955,5.955,
3.300,21.431,0.121,0.233,252.525,998.006,-2.008,4.54,4.54,73.12,70.89,6.254,8.16,6.268,6.268,
3.400,21.434,0.121,0.232,252.225,998.006,-2.009,4.54,4.54,73.33,72.12,6.363,8.16,6.377,6.377,
3.500,21.434,0.121,0.233,253.173,998.007,-2.009,4.53,4.53,73.26,66.90,5.902,8.16,5.915,5.915,
3.600,21.439,0.121,0.234,253.707,998.006,-2.010,4.51,4.51,72.46,73.27,6.464,8.15,6.478,6.478,
3.700,21.438,0.122,0.235,255.479,998.008,-2.009,4.49,4.49,72.04,74.93,6.610,8.15,6.624,6.625,
3.800,21.428,0.125,0.242,262.252,998.013,-2.004,4.50,4.50,71.91,71.09,6.272,8.16,6.286,6.286,
3.900,21.418,0.129,0.248,269.041,998.018,-2.000,4.50,4.50,72.59,71.24,6.285,8.16,6.299,6.299,
4.000,21.415,0.129,0.249,270.313,998.019,-1.999,4.49,4.49,71.67,72.72,6.417,8.17,6.431,6.431,
4.100,21.406,0.136,0.262,284.527,998.027,-1.991,4.67,4.67,71.91,71.46,6.306,8.14,6.319,6.320,
4.200,21.402,0.140,0.269,292.465,998.031,-1.988,4.61,4.61,71.60,70.74,6.243,8.16,6.256,6.257,
4.300,21.386,0.155,0.299,324.581,998.047,-1.972,4.56,4.56,71.77,61.71,5.447,8.16,5.459,5.459,
4.400,21.378,0.165,0.319,346.462,998.057,-1.963,4.54,4.54,71.89,66.13,5.838,8.15,5.850,5.851,
4.500,21.377,0.168,0.323,350.978,998.059,-1.961,4.54,4.54,71.03,65.71,5.800,8.15,5.813,5.813,
4.600,21.375,0.170,0.327,355.450,998.062,-1.959,4.43,4.43,66.92,64.94,5.734,8.16,5.746,5.746,
4.700,21.374,0.172,0.331,359.493,998.064,-1.957,4.56,4.56,66.08,66.79,5.896,8.16,5.909,5.909,
4.800,21.375,0.174,0.336,364.673,998.066,-1.955,4.53,4.53,67.16,68.39,6.037,8.16,6.050,6.050,
4.900,21.375,0.176,0.339,368.650,998.068,-1.954,4.48,4.48,67.38,62.70,5.535,8.15,5.547,5.547,
5.000,21.376,0.179,0.345,374.785,998.071,-1.952,4.48,4.48,69.43,67.29,5.940,8.15,5.953,5.953,
5.100,21.377,0.182,0.351,381.024,998.073,-1.950,4.48,4.48,69.62,71.29,6.293,8.16,6.307,6.307,
5.200,21.377,0.184,0.355,385.774,998.075,-1.948,4.53,4.53,70.95,73.35,6.475,8.15,6.489,6.489,
5.300,21.377,0.188,0.362,393.533,998.079,-1.945,4.56,4.56,71.71,65.75,5.804,8.16,5.816,5.816,
5.400,21.376,0.190,0.365,397.025,998.080,-1.944,4.58,4.58,71.77,69.00,6.090,8.14,6.103,6.104,
5.500,21.378,0.195,0.375,407.370,998.084,-1.940,4.57,4.57,72.48,67.57,5.965,8.15,5.978,5.978,
5.600,21.378,0.195,0.375,407.973,998.085,-1.940,4.55,4.55,72.08,68.17,6.017,8.16,6.031,6.031,
5.700,21.378,0.195,0.376,408.421,998.086,-1.940,4.57,4.57,72.37,67.28,5.938,8.15,5.951,5.951,
5.800,21.378,0.197,0.378,411.140,998.087,-1.939,4.58,4.58,72.79,69.64,6.147,8.16,6.160,6.160,
5.900,21.381,0.200,0.384,417.508,998.089,-1.937,4.60,4.60,72.87,65.55,5.785,8.14,5.798,5.798,
6.000,21.380,0.201,0.387,420.384,998.091,-1.936,4.58,4.58,72.18,67.92,5.995,8.16,6.008,6.008,
6.100,21.381,0.203,0.391,424.695,998.093,-1.934,4.56,4.56,71.61,62.38,5.506,8.15,5.518,5.518,
6.200,21.380,0.209,0.402,436.599,998.098,-1.930,4.52,4.52,68.97,59.90,5.286,8.15,5.298,5.298,
6.300,21.380,0.213,0.409,444.093,998.101,-1.927,4.48,4.48,67.63,71.59,6.318,8.16,6.332,6.332,
6.400,21.380,0.214,0.411,446.338,998.102,-1.926,4.39,4.39,64.31,72.27,6.378,8.17,6.392,6.392,
6.500,21.380,0.217,0.418,453.843,998.105,-1.924,4.47,4.47,66.76,70.58,6.228,8.16,6.242,6.242,
6.600,21.380,0.232,0.446,484.053,998.117,-1.912,4.51,4.51,69.73,70.87,6.253,8.15,6.266,6.267,
6.700,21.380,0.238,0.456,495.639,998.122,-1.908,4.55,4.55,71.38,68.38,6.034,8.15,6.047,6.047,
6.800,21.380,0.237,0.455,494.632,998.122,-1.908,4.57,4.57,72.05,73.66,6.499,8.16,6.513,6.513,
6.900,21.380,0.238,0.457,496.471,998.123,-1.908,4.58,4.58,72.13,73.87,6.518,8.15,6.532,6.532,
7.000,21.380,0.242,0.464,503.944,998.126,-1.905,4.59,4.59,72.22,68.20,6.017,8.15,6.030,6.031,
7.100,21.380,0.244,0.468,508.678,998.129,-1.903,4.58,4.58,72.30,75.07,6.623,8.16,6.638,6.638,
7.200,21.378,0.252,0.483,524.468,998.135,-1.897,4.58,4.58,71.85,73.57,6.491,8.14,6.505,6.505,
7.300,21.378,0.252,0.483,524.295,998.136,-1.897,4.59,4.59,72.05,69.37,6.121,8.15,6.134,6.135,
7.400,21.377,0.252,0.483,524.923,998.137,-1.896,4.58,4.58,71.28,69.80,6.158,8.14,6.172,6.172,
7.500,21.375,0.255,0.489,531.162,998.140,-1.894,4.59,4.59,72.33,70.66,6.235,8.15,6.248,6.249,
7.600,21.374,0.257,0.493,535.753,998.142,-1.892,4.60,4.60,72.55,71.24,6.286,8.15,6.300,6.300,
7.700,21.372,0.265,0.508,552.328,998.149,-1.885,4.54,4.54,70.95,72.40,6.387,8.15,6.401,6.401,
7.800,21.372,0.271,0.519,564.164,998.154,-1.881,4.56,4.56,70.81,64.64,5.703,8.16,5.715,5.716,
7.900,21.371,0.277,0.530,576.439,998.160,-1.876,4.49,4.49,67.64,67.28,5.936,8.15,5.949,5.949,
8.000,21.369,0.292,0.558,606.585,998.172,-1.864,4.54,4.54,66.53,63.95,5.642,8.16,5.654,5.654,
8.100,21.365,0.302,0.576,626.503,998.181,-1.856,4.57,4.57,68.60,67.81,5.982,8.15,5.996,5.996,
8.200,21.357,0.317,0.603,655.988,998.194,-1.843,4.56,4.56,70.64,66.98,5.909,8.16,5.922,5.922,
8.300,21.356,0.318,0.605,658.105,998.195,-1.842,4.58,4.58,71.49,70.53,6.223,8.14,6.236,6.236,
8.400,21.354,0.321,0.612,664.914,998.199,-1.839,4.63,4.63,72.66,75.40,6.652,8.16,6.667,6.667,
8.500,21.353,0.323,0.615,668.695,998.201,-1.837,4.62,4.62,73.59,74.07,6.535,8.14,6.550,6.550,
8.600,21.352,0.325,0.619,673.274,998.203,-1.835,4.63,4.63,73.44,72.13,6.364,8.15,6.377,6.378,
8.700,21.347,0.332,0.631,686.649,998.210,-1.829,4.60,4.60,73.53,64.01,5.648,8.14,5.660,5.660,
8.800,21.345,0.333,0.633,688.755,998.212,-1.828,4.61,4.61,74.16,69.65,6.145,8.14,6.159,6.159,
8.900,21.344,0.337,0.642,697.736,998.216,-1.824,4.62,4.62,74.66,74.79,6.599,8.16,6.614,6.614,
9.000,21.339,0.350,0.665,723.279,998.227,-1.813,4.60,4.60,74.60,62.93,5.552,8.16,5.564,5.564,
9.100,21.330,0.375,0.712,774.097,998.249,-1.792,4.62,4.62,74.19,76.72,6.769,8.16,6.783,6.784,
9.200,21.319,0.401,0.759,825.865,998.271,-1.770,4.61,4.61,74.02,72.15,6.365,8.16,6.379,6.379,
9.300,21.306,0.418,0.788,857.964,998.287,-1.755,4.59,4.59,73.59,67.90,5.991,8.16,6.004,6.004,
9.400,21.291,0.429,0.809,881.358,998.300,-1.742,4.52,4.52,72.54,67.22,5.932,8.15,5.945,5.946,
9.500,21.288,0.433,0.816,888.760,998.303,-1.739,4.52,4.52,71.25,68.53,6.048,8.15,6.062,6.062,
9.600,21.283,0.457,0.860,936.369,998.323,-1.719,4.52,4.52,70.25,67.33,5.942,8.16,5.955,5.955,
9.700,21.250,0.588,1.095,1193.016,998.431,-1.613,4.55,4.55,70.83,82.91,7.314,8.15,7.330,7.331,
9.800,21.238,0.649,1.203,1312.019,998.480,-1.563,4.56,4.56,70.86,91.24,8.048,8.15,8.066,8.066,
9.900,21.232,0.681,1.261,1374.621,998.507,-1.538,4.57,4.57,70.91,87.85,7.749,8.15,7.766,7.766,
10.000,21.223,0.808,1.483,1617.465,998.605,-1.440,4.53,4.53,69.29,78.74,6.941,8.15,6.956,6.957,
10.100,21.216,0.885,1.618,1765.170,998.666,-1.379,4.51,4.51,67.89,73.90,6.513,8.15,6.528,6.528,
10.200,21.211,0.952,1.735,1892.870,998.719,-1.327,4.54,4.54,67.05,70.98,6.254,8.15,6.268,6.268,
10.300,21.198,1.077,1.951,2129.533,998.817,-1.229,4.51,4.51,65.59,73.43,6.467,8.15,6.481,6.481,
10.400,21.193,1.119,2.023,2208.130,998.850,-1.196,4.48,4.48,65.50,65.29,5.748,8.16,5.760,5.761,
10.500,21.188,1.190,2.145,2340.834,998.906,-1.141,4.45,4.45,64.23,65.18,5.736,8.15,5.749,5.749,
10.600,21.180,1.293,2.320,2533.296,998.986,-1.061,4.53,4.53,63.81,70.77,6.226,8.16,6.240,6.240,
10.700,21.174,1.346,2.410,2631.955,999.028,-1.019,4.47,4.47,63.54,73.32,6.449,8.15,6.463,6.463,
10.800,21.168,1.410,2.518,2750.121,999.079,-0.970,4.46,4.46,63.29,68.00,5.980,8.16,5.993,5.993,
10.900,21.163,1.460,2.602,2842.222,999.118,-0.931,4.44,4.44,63.49,62.44,5.490,8.15,5.502,5.502,
11.000,21.151,1.564,2.776,3033.349,999.200,-0.849,4.40,4.40,62.10,65.70,5.773,8.14,5.786,5.786,
11.100,21.124,1.782,3.139,3431.956,999.372,-0.678,4.35,4.35,60.11,67.39,5.917,8.15,5.930,5.930,
11.200,21.047,2.388,4.131,4523.957,999.848,-0.201,4.27,4.27,55.76,70.43,6.170,8.15,6.183,6.183,
11.300,21.019,2.627,4.515,4948.459,1000.036,-0.014,4.23,4.23,53.71,71.14,6.227,8.15,6.241,6.241,
11.400,20.992,2.878,4.918,5393.425,1000.233,0.183,4.07,4.07,48.05,61.07,5.341,8.15,5.352,5.352,
11.500,20.930,3.447,5.816,6387.722,1000.678,0.627,3.89,3.89,42.02,68.74,5.998,8.15,6.011,6.011,
11.600,20.833,4.313,7.156,7878.516,1001.355,1.304,3.80,3.80,39.30,65.20,5.671,8.15,5.684,5.684,
11.700,20.636,5.667,9.191,10167.142,1002.424,2.372,3.77,3.77,36.07,66.85,5.787,8.15,5.799,5.799,
11.800,20.593,5.775,9.345,10347.826,1002.516,2.463,3.79,3.79,35.13,67.56,5.850,8.17,5.863,5.863,
11.900,20.558,6.040,9.737,10791.047,1002.725,2.672,3.80,3.80,34.27,70.45,6.095,8.15,6.109,6.109,
12.000,20.499,7.262,11.536,12803.932,1003.662,3.609,3.73,3.73,33.87,65.53,5.638,8.15,5.650,5.650,
12.100,20.425,7.630,12.057,13406.891,1003.957,3.904,3.74,3.74,34.75,75.21,6.463,8.15,6.477,6.477,
12.200,20.375,7.894,12.430,13838.301,1004.169,4.115,3.75,3.75,35.22,72.55,6.230,8.15,6.244,6.244,
12.300,20.338,8.061,12.664,14110.775,1004.304,4.249,3.79,3.79,35.30,74.86,6.426,8.16,6.440,6.440,
12.400,20.310,8.272,12.961,14452.088,1004.470,4.415,3.81,3.81,35.84,72.52,6.220,8.15,6.233,6.233,
12.500,20.291,8.373,13.103,14617.122,1004.551,4.496,3.80,3.80,35.84,69.16,5.931,8.16,5.944,5.943,
12.600,20.217,10.459,16.063,17951.628,1006.145,6.090,3.69,3.69,35.28,75.25,6.383,8.14,6.397,6.396,
12.700,20.108,11.712,17.785,19929.257,1007.118,7.062,3.62,3.62,33.84,80.69,6.803,8.14,6.818,6.817,
12.800,19.973,12.661,19.048,21416.527,1007.867,7.811,3.58,3.58,32.74,67.12,5.639,8.16,5.651,5.651,
12.900,19.704,15.454,22.735,25732.911,1010.044,9.987,3.50,3.50,31.85,76.28,6.326,8.15,6.339,6.339,
13.000,19.555,16.975,24.690,28050.429,1011.230,11.173,3.41,3.41,31.02,78.01,6.427,8.15,6.441,6.441,
13.100,19.410,18.374,26.458,30167.505,1012.325,12.268,3.29,3.29,30.88,76.10,6.230,8.15,6.244,6.244,
13.200,19.118,20.606,29.181,33518.592,1014.087,14.029,3.05,3.05,32.75,67.72,5.500,8.15,5.512,5.512,
13.300,18.872,25.104,34.712,40120.956,1017.564,17.506,3.09,3.09,41.54,65.90,5.229,8.15,5.240,5.239,
13.400,18.528,27.591,37.518,43747.086,1019.541,19.483,3.55,3.55,60.42,63.20,4.962,8.15,4.972,4.972,
13.500,18.258,28.733,38.684,45421.269,1020.477,20.418,3.93,3.93,75.31,67.86,5.314,8.14,5.325,5.325,
13.600,18.000,29.242,39.078,46192.467,1020.927,20.868,4.16,4.16,94.46,68.40,5.373,8.15,5.384,5.384,
13.700,17.944,29.405,39.226,46434.276,1021.065,21.006,4.30,4.30,100.66,78.82,6.198,8.15,6.210,6.210,
13.800,17.913,29.492,39.304,46563.977,1021.140,21.080,4.33,4.33,105.29,78.50,6.180,8.14,6.192,6.192,
13.900,17.877,29.590,39.390,46708.945,1021.223,21.163,4.52,4.52,115.15,76.10,5.999,8.14,6.010,6.010,
14.000,17.870,29.669,39.478,46822.233,1021.285,21.225,4.62,4.62,119.06,75.04,5.914,8.15,5.925,5.925,
14.100,17.862,29.724,39.537,46902.699,1021.330,21.269,4.79,4.79,122.16,69.74,5.497,8.15,5.507,5.507,
14.200,17.858,29.734,39.545,46917.441,1021.339,21.278,4.85,4.85,124.72,69.89,5.511,8.14,5.521,5.521,
14.300,17.852,29.749,39.558,46940.307,1021.353,21.291,4.93,4.93,127.65,81.69,6.447,8.15,6.459,6.459,
14.400,17.847,29.739,39.542,46925.814,1021.346,21.283,4.94,4.94,127.76,67.13,5.300,8.15,5.309,5.309,
14.500,17.847,29.754,39.560,46947.895,1021.358,21.295,5.02,5.02,128.60,77.36,6.109,8.15,6.120,6.120,
14.600,17.846,29.758,39.564,46953.789,1021.362,21.299,4.96,4.96,130.90,73.17,5.781,8.15,5.791,5.791,
14.700,17.846,29.757,39.562,46952.469,1021.362,21.298,4.83,4.83,131.71,72.98,5.765,8.15,5.775,5.775,
14.800,17.844,29.760,39.565,46956.980,1021.365,21.301,4.85,4.85,133.54,74.86,5.912,8.15,5.923,5.923,
14.900,17.844,29.770,39.577,46971.330,1021.373,21.308,5.02,5.02,133.88,78.49,6.199,8.15,6.211,6.211,
15.000,17.845,29.766,39.573,46965.362,1021.370,21.305,5.00,5.00,133.70,77.41,6.115,8.14,6.127,6.127,
15.100,17.845,29.766,39.572,46965.029,1021.370,21.305,5.01,5.01,133.47,82.85,6.546,8.16,6.558,6.558,
15.200,17.846,29.771,39.579,46972.254,1021.374,21.309,4.90,4.90,133.03,73.41,5.801,8.15,5.811,5.811,
15.300,17.844,29.779,39.587,46984.124,1021.382,21.315,4.94,4.94,134.27,79.38,6.272,8.14,6.283,6.283,
15.400,17.843,29.770,39.576,46972.495,1021.376,21.309,4.96,4.96,134.27,81.93,6.471,8.16,6.483,6.483,
15.500,17.843,29.775,39.582,46979.265,1021.380,21.313,5.04,5.04,135.13,85.00,6.714,8.15,6.726,6.726,
15.600,17.843,29.781,39.589,46987.952,1021.385,21.317,5.09,5.09,136.88,80.08,6.326,8.15,6.338,6.338,
15.700,17.842,29.780,39.588,46986.684,1021.385,21.317,5.13,5.13,137.83,85.68,6.768,8.15,6.781,6.781,
15.800,17.840,29.782,39.588,46989.777,1021.387,21.318,5.19,5.19,139.14,79.28,6.262,8.15,6.274,6.274,
15.900,17.839,29.788,39.594,46998.323,1021.392,21.323,5.22,5.22,141.72,69.85,5.517,8.15,5.528,5.527,
16.000,17.838,29.789,39.594,46999.827,1021.394,21.324,5.21,5.21,142.90,73.31,5.790,8.14,5.801,5.801,
16.100,17.839,29.787,39.592,46996.446,1021.392,21.322,5.27,5.27,143.08,70.02,5.531,8.15,5.541,5.541,
16.200,17.839,29.790,39.597,47001.715,1021.395,21.325,5.23,5.23,143.79,71.39,5.640,8.15,5.650,5.650,
16.300,17.839,29.789,39.596,46999.788,1021.395,21.324,5.25,5.25,143.26,71.17,5.624,8.15,5.634,5.634,
16.400,17.839,29.785,39.591,46994.712,1021.392,21.321,5.14,5.14,142.36,70.96,5.606,8.14,5.617,5.617,
16.500,17.840,29.785,39.591,46993.761,1021.392,21.320,5.21,5.21,142.57,68.20,5.389,8.14,5.399,5.399,
16.600,17.840,29.789,39.597,46999.459,1021.396,21.324,5.21,5.21,143.56,70.08,5.538,8.15,5.548,5.548,
16.700,17.841,29.785,39.592,46993.700,1021.393,21.320,5.12,5.12,142.59,78.61,6.210,8.15,6.222,6.222,
16.800,17.840,29.778,39.583,46983.953,1021.388,21.315,5.19,5.19,141.67,74.68,5.900,8.16,5.911,5.911,
16.900,17.840,29.778,39.584,46984.857,1021.389,21.316,5.22,5.22,139.86,73.78,5.827,8.15,5.838,5.838,
17.000,17.840,29.779,39.585,46985.553,1021.390,21.316,5.25,5.25,139.82,77.50,6.122,8.15,6.134,6.134,
17.100,17.842,29.780,39.588,46987.533,1021.391,21.317,5.11,5.11,137.94,77.92,6.155,8.15,6.166,6.166,
17.200,17.840,29.781,39.586,46988.228,1021.392,21.317,5.06,5.06,137.52,82.77,6.541,8.15,6.553,6.553,
17.300,17.840,29.773,39.577,46977.088,1021.386,21.311,5.06,5.06,137.24,73.13,5.781,8.14,5.791,5.791,
17.400,17.840,29.784,39.591,46993.589,1021.396,21.320,5.24,5.24,140.53,75.85,5.994,8.15,6.005,6.005,
17.500,17.838,29.790,39.596,47002.092,1021.401,21.325,5.38,5.38,142.10,81.60,6.449,8.14,6.461,6.461,
17.600,17.835,29.804,39.610,47021.803,1021.412,21.336,5.30,5.30,148.78,79.53,6.283,8.15,6.294,6.294,
17.700,17.839,29.812,39.624,47033.145,1021.418,21.342,5.46,5.46,149.09,71.98,5.682,8.15,5.692,5.692,
17.800,17.837,29.807,39.615,47026.674,1021.416,21.338,5.74,5.74,153.52,71.76,5.661,8.14,5.672,5.672,
17.900,17.837,29.802,39.610,47020.024,1021.412,21.335,5.75,5.75,152.38,75.73,5.974,8.15,5.985,5.985,
