Depth [m],Temp. [deg C],Sal. [ ],Cond. [mS/cm],EC25 [uS/cm],Density [kg/m^3],SigmaT [ ],Chl-Flu. [ppb],Chl-a [ug/l],Turb-M [FTU],DO [%],Weiss-DO [mg/l],Batt. [V],G&G-DO [mg/l],B&K-DO [mg/l],
0.000,19.653,0.011,0.004,4.918,998.284,-1.716,0.27,0.27,9.66,66.22,6.078,8.19,6.090,6.090,
0.100,20.487,0.098,0.185,205.447,998.179,-1.821,6.59,6.59,74.19,76.61,6.894,8.12,6.908,6.908,
0.200,20.844,0.096,0.182,199.915,998.102,-1.899,7.01,7.01,80.73,72.45,6.482,8.10,6.496,6.496,
0.300,20.929,0.095,0.181,198.425,998.083,-1.918,6.47,6.47,78.98,74.53,6.661,8.10,6.675,6.675,
0.400,20.943,0.095,0.180,198.158,998.081,-1.921,6.28,6.28,78.78,70.19,6.272,8.11,6.285,6.285,
0.500,20.949,0.095,0.180,197.933,998.080,-1.923,6.06,6.06,76.47,71.92,6.424,8.11,6.438,6.438,
0.600,20.951,0.095,0.180,197.614,998.080,-1.923,6.00,6.00,77.97,74.44,6.649,8.11,6.663,6.663,
0.700,20.952,0.095,0.180,197.636,998.080,-1.923,5.91,5.91,79.12,74.48,6.650,8.10,6.664,6.664,
0.800,20.951,0.095,0.180,197.882,998.081,-1.923,5.86,5.86,80.35,69.07,6.166,8.12,6.179,6.179,
0.900,20.951,0.095,0.180,197.753,998.081,-1.923,5.86,5.86,81.41,69.57,6.209,8.11,6.222,6.222,
1.000,20.954,0.095,0.180,197.770,998.081,-1.924,5.88,5.88,81.89,80.53,7.187,8.11,7.202,7.203,
1.100,20.955,0.095,0.180,197.868,998.081,-1.924,5.73,5.73,75.09,69.78,6.229,8.12,6.242,6.243,
1.200,20.956,0.095,0.181,198.149,998.081,-1.924,5.67,5.67,75.26,62.85,5.611,8.11,5.623,5.623,
1.300,20.955,0.095,0.180,198.044,998.082,-1.924,5.67,5.67,73.12,71.26,6.358,8.11,6.372,6.372,
1.400,20.957,0.095,0.180,198.083,998.082,-1.924,5.69,5.69,75.28,76.99,6.870,8.11,6.885,6.885,
1.500,20.958,0.095,0.180,197.423,998.082,-1.925,5.69,5.69,74.30,75.51,6.738,8.11,6.752,6.752,
1.600,20.959,0.095,0.179,196.743,998.082,-1.925,5.78,5.78,78.29,75.12,6.700,8.11,6.714,6.714,
1.700,20.958,0.095,0.179,196.781,998.083,-1.925,5.76,5.76,77.77,72.88,6.500,8.10,6.514,6.514,
1.800,20.958,0.095,0.179,196.809,998.083,-1.925,5.72,5.72,76.36,61.81,5.513,8.11,5.525,5.525,
1.900,20.958,0.095,0.179,197.008,998.084,-1.925,5.71,5.71,76.38,66.47,5.929,8.11,5.942,5.942,
2.000,20.959,0.095,0.179,196.991,998.084,-1.925,5.74,5.74,77.14,70.00,6.244,8.11,6.257,6.258,
2.100,20.958,0.095,0.179,196.837,998.085,-1.925,5.66,5.66,75.53,64.39,5.742,8.11,5.754,5.754,
2.200,20.958,0.095,0.179,197.003,998.085,-1.925,5.71,5.71,76.52,69.27,6.178,8.11,6.191,6.191,
2.300,20.959,0.094,0.179,196.593,998.085,-1.925,5.80,5.80,77.96,72.12,6.432,8.11,6.446,6.446,
2.400,20.958,0.094,0.179,196.117,998.086,-1.925,5.76,5.76,77.48,73.72,6.574,8.11,6.588,6.589,
2.500,20.959,0.094,0.179,196.086,998.086,-1.925,5.79,5.79,80.07,73.46,6.551,8.11,6.565,6.565,
2.600,20.958,0.094,0.179,196.318,998.086,-1.925,5.76,5.76,77.23,74.18,6.616,8.08,6.630,6.630,
2.700,20.958,0.094,0.179,196.451,998.087,-1.925,5.74,5.74,77.06,69.51,6.199,8.11,6.212,6.212,
2.800,20.959,0.094,0.179,196.621,998.087,-1.925,5.67,5.67,74.65,75.38,6.722,8.11,6.736,6.737,
2.900,20.959,0.094,0.179,196.524,998.088,-1.925,5.67,5.67,74.80,74.90,6.678,8.11,6.692,6.693,
3.000,20.959,0.094,0.179,196.535,998.088,-1.925,5.76,5.76,79.01,71.75,6.397,8.11,6.411,6.411,
3.100,20.959,0.094,0.179,196.414,998.089,-1.925,5.75,5.75,77.39,70.89,6.320,8.11,6.334,6.334,
3.200,20.959,0.094,0.179,196.290,998.089,-1.925,5.74,5.74,77.42,67.98,6.061,8.12,6.074,6.074,
3.300,20.959,0.094,0.179,196.117,998.089,-1.925,5.80,5.80,82.35,69.15,6.165,8.11,6.178,6.178,
3.400,20.959,0.094,0.179,195.949,998.090,-1.925,5.80,5.80,82.20,69.77,6.219,8.11,6.232,6.232,
3.500,20.959,0.094,0.179,196.105,998.090,-1.925,5.80,5.80,81.38,68.26,6.084,8.11,6.097,6.097,
3.600,20.959,0.094,0.178,195.788,998.091,-1.925,5.82,5.82,81.13,68.19,6.078,8.11,6.090,6.091,
3.700,20.958,0.094,0.178,195.679,998.091,-1.925,5.82,5.82,82.47,67.46,6.012,8.11,6.025,6.025,
3.800,20.959,0.094,0.178,195.804,998.092,-1.925,5.87,5.87,81.57,68.48,6.104,8.11,6.117,6.117,
3.900,20.959,0.094,0.178,195.743,998.092,-1.925,5.83,5.83,81.67,70.52,6.286,8.11,6.299,6.299,
4.000,20.959,0.094,0.179,196.061,998.093,-1.925,5.84,5.84,82.08,65.13,5.806,8.11,5.818,5.818,
4.100,20.959,0.094,0.179,196.015,998.093,-1.925,5.82,5.82,79.09,76.31,6.802,8.11,6.817,6.817,
4.200,20.958,0.094,0.179,196.344,998.094,-1.925,5.75,5.75,77.59,77.85,6.941,8.11,6.956,6.956,
4.300,20.958,0.095,0.179,196.646,998.094,-1.925,5.71,5.71,74.60,73.32,6.538,8.11,6.552,6.552,
4.400,20.959,0.095,0.179,196.929,998.095,-1.925,5.67,5.67,73.77,63.95,5.701,8.10,5.713,5.714,
4.500,20.959,0.095,0.180,197.251,998.095,-1.925,5.71,5.71,73.78,68.73,6.128,8.11,6.141,6.141,
4.600,20.959,0.095,0.180,197.480,998.096,-1.925,5.72,5.72,76.52,66.84,5.960,8.10,5.973,5.973,
4.700,20.959,0.095,0.180,197.862,998.096,-1.925,5.69,5.69,75.72,71.13,6.342,8.11,6.355,6.356,
4.800,20.960,0.095,0.180,197.466,998.097,-1.925,5.68,5.68,73.04,69.63,6.208,8.12,6.221,6.221,
4.900,20.959,0.094,0.179,196.538,998.097,-1.925,5.78,5.78,76.39,70.42,6.277,8.11,6.290,6.291,
5.000,20.960,0.094,0.179,196.455,998.097,-1.925,5.79,5.79,79.01,72.43,6.457,8.11,6.471,6.471,
5.100,20.960,0.095,0.179,196.950,998.098,-1.925,5.73,5.73,76.66,71.81,6.402,8.11,6.415,6.416,
5.200,20.960,0.095,0.179,196.709,998.098,-1.925,5.73,5.73,74.17,73.75,6.575,8.11,6.589,6.589,
5.300,20.960,0.094,0.179,196.257,998.098,-1.926,5.67,5.67,74.00,71.43,6.369,8.11,6.382,6.383,
5.400,20.959,0.095,0.180,197.401,998.099,-1.925,5.62,5.62,72.63,75.63,6.743,8.10,6.757,6.757,
5.500,20.959,0.095,0.181,198.217,998.100,-1.925,5.67,5.67,74.33,70.77,6.308,8.12,6.321,6.322,
5.600,20.958,0.095,0.181,198.208,998.101,-1.924,5.69,5.69,75.01,77.07,6.871,8.11,6.885,6.885,
5.700,20.958,0.095,0.180,198.089,998.101,-1.924,5.65,5.65,72.79,71.13,6.342,8.10,6.355,6.355,
5.800,20.959,0.095,0.181,198.138,998.101,-1.925,5.71,5.71,76.38,73.10,6.516,8.11,6.530,6.530,
5.900,20.959,0.095,0.180,198.089,998.102,-1.925,5.80,5.80,79.28,77.22,6.884,8.11,6.899,6.899,
6.000,20.960,0.095,0.180,198.106,998.102,-1.925,5.74,5.74,77.80,66.69,5.945,8.11,5.958,5.958,
6.100,20.960,0.095,0.180,197.985,998.103,-1.925,5.71,5.71,77.12,64.07,5.712,8.11,5.724,5.725,
6.200,20.959,0.095,0.181,198.290,998.103,-1.925,5.74,5.74,76.00,69.71,6.214,8.11,6.227,6.227,
6.300,20.959,0.095,0.180,197.958,998.103,-1.925,5.73,5.73,77.32,64.01,5.707,8.11,5.719,5.719,
6.400,20.960,0.095,0.180,198.074,998.104,-1.925,5.70,5.70,77.42,68.17,6.077,8.10,6.090,6.090,
6.500,20.959,0.095,0.181,198.374,998.104,-1.925,5.76,5.76,79.17,71.06,6.334,8.11,6.347,6.348,
6.600,20.960,0.095,0.181,198.359,998.105,-1.925,5.78,5.78,79.15,68.10,6.070,8.11,6.083,6.083,
6.700,20.960,0.095,0.181,198.307,998.105,-1.925,5.70,5.70,75.86,70.45,6.279,8.11,6.293,6.293,
6.800,20.960,0.095,0.181,198.509,998.106,-1.925,5.67,5.67,73.75,72.16,6.433,8.11,6.446,6.447,
6.900,20.961,0.095,0.180,197.854,998.106,-1.925,5.65,5.65,72.35,72.03,6.419,8.11,6.433,6.433,
7.000,20.961,0.095,0.180,197.566,998.106,-1.925,5.67,5.67,73.20,76.48,6.818,8.10,6.832,6.832,
7.100,20.963,0.095,0.180,197.550,998.106,-1.926,5.75,5.75,76.36,69.09,6.159,8.12,6.172,6.172,
7.200,20.965,0.095,0.180,197.290,998.106,-1.926,5.71,5.71,77.96,75.11,6.696,8.08,6.710,6.710,
7.300,20.966,0.095,0.180,197.605,998.106,-1.926,5.75,5.75,77.62,71.56,6.379,8.11,6.393,6.393,
7.400,20.968,0.095,0.179,196.764,998.106,-1.927,5.74,5.74,77.59,65.65,5.853,8.12,5.865,5.866,
7.500,20.969,0.095,0.179,196.800,998.106,-1.927,5.71,5.71,75.34,67.24,5.994,8.11,6.007,6.007,
7.600,20.970,0.095,0.179,196.711,998.107,-1.927,5.71,5.71,78.26,66.57,5.932,8.12,5.944,5.944,
7.700,20.970,0.095,0.179,196.700,998.107,-1.927,5.80,5.80,81.76,72.79,6.486,8.11,6.500,6.500,
7.800,20.968,0.095,0.180,197.363,998.108,-1.927,5.80,5.80,82.00,71.35,6.358,8.11,6.372,6.372,
7.900,20.967,0.095,0.180,197.382,998.109,-1.927,5.84,5.84,83.48,75.28,6.708,8.11,6.723,6.723,
8.000,20.967,0.095,0.179,196.927,998.109,-1.927,5.84,5.84,83.99,72.15,6.429,8.12,6.443,6.443,
8.100,20.968,0.095,0.180,196.982,998.109,-1.927,5.84,5.84,84.88,73.38,6.538,8.11,6.552,6.552,
8.200,20.968,0.095,0.180,197.104,998.110,-1.927,5.87,5.87,86.42,73.58,6.555,8.10,6.569,6.570,
8.300,20.969,0.095,0.179,196.915,998.110,-1.927,5.83,5.83,85.91,74.13,6.604,8.11,6.618,6.618,
8.400,20.969,0.095,0.179,196.814,998.110,-1.927,5.84,5.84,85.50,75.05,6.686,8.08,6.700,6.700,
8.500,20.969,0.095,0.179,196.712,998.111,-1.927,5.85,5.85,86.59,72.74,6.481,8.11,6.495,6.495,
8.600,20.969,0.095,0.179,196.686,998.111,-1.927,5.90,5.90,89.49,74.38,6.627,8.10,6.641,6.641,
8.700,20.969,0.095,0.179,196.870,998.112,-1.927,5.88,5.88,85.86,76.26,6.793,8.11,6.808,6.808,
8.800,20.969,0.095,0.179,196.952,998.112,-1.927,5.87,5.87,83.88,77.20,6.877,8.10,6.892,6.892,
8.900,20.970,0.095,0.180,197.533,998.113,-1.927,5.82,5.82,80.89,74.08,6.600,8.11,6.614,6.615,
9.000,20.969,0.095,0.180,197.501,998.113,-1.927,5.67,5.67,76.74,68.72,6.123,8.10,6.136,6.137,
9.100,20.970,0.095,0.180,197.531,998.114,-1.927,5.75,5.75,80.73,71.00,6.326,8.10,6.339,6.340,
9.200,20.970,0.095,0.180,197.549,998.114,-1.927,5.80,5.80,85.50,69.24,6.169,8.11,6.182,6.182,
9.300,20.969,0.095,0.180,197.936,998.115,-1.927,5.84,5.84,84.72,70.28,6.260,8.11,6.273,6.274,
9.400,20.970,0.095,0.180,197.947,998.115,-1.927,5.84,5.84,85.46,71.08,6.331,8.11,6.345,6.345,
9.500,20.969,0.095,0.180,197.980,998.116,-1.927,5.80,5.80,85.08,73.85,6.579,8.11,6.593,6.593,
9.600,20.970,0.095,0.180,197.848,998.116,-1.927,5.82,5.82,85.08,72.97,6.501,8.11,6.515,6.515,
9.700,20.970,0.095,0.180,197.749,998.116,-1.927,5.87,5.87,86.46,68.91,6.139,8.11,6.152,6.152,
9.800,20.970,0.095,0.180,197.706,998.117,-1.927,5.80,5.80,84.36,70.74,6.302,8.11,6.315,6.315,
9.900,20.971,0.095,0.180,197.784,998.117,-1.927,5.74,5.74,80.80,68.16,6.072,8.11,6.084,6.085,
10.000,20.971,0.095,0.180,197.942,998.118,-1.927,5.71,5.71,78.46,67.11,5.979,8.12,5.992,5.992,
10.100,20.971,0.095,0.180,197.396,998.118,-1.927,5.67,5.67,77.39,65.72,5.855,8.11,5.868,5.868,
10.200,20.970,0.095,0.180,197.429,998.118,-1.927,5.73,5.73,80.65,73.81,6.577,8.11,6.591,6.591,
10.300,20.971,0.095,0.180,197.650,998.119,-1.927,5.75,5.75,82.31,66.95,5.966,8.11,5.979,5.979,
10.400,20.970,0.095,0.180,197.486,998.119,-1.927,5.71,5.71,78.93,78.48,6.993,8.12,7.007,7.008,
10.500,20.971,0.095,0.180,197.615,998.120,-1.927,5.69,5.69,79.80,67.93,6.053,8.11,6.066,6.066,
10.600,20.969,0.095,0.179,196.800,998.120,-1.927,5.69,5.69,80.40,77.94,6.944,8.10,6.959,6.959,
10.700,20.970,0.095,0.180,197.273,998.121,-1.927,5.69,5.69,78.98,78.85,7.026,8.10,7.041,7.041,
10.800,20.970,0.095,0.180,197.470,998.121,-1.927,5.83,5.83,85.51,72.15,6.428,8.11,6.442,6.442,
10.900,20.970,0.095,0.180,197.841,998.122,-1.927,5.86,5.86,85.64,73.32,6.532,8.10,6.546,6.547,
11.000,20.969,0.095,0.181,198.187,998.122,-1.927,5.84,5.84,85.00,72.63,6.470,8.09,6.484,6.484,
11.100,20.969,0.095,0.181,198.168,998.123,-1.927,5.84,5.84,86.80,73.77,6.571,8.08,6.585,6.585,
11.200,20.969,0.095,0.180,197.800,998.123,-1.927,5.86,5.86,84.88,70.02,6.237,8.11,6.250,6.251,
11.300,20.969,0.095,0.180,197.898,998.124,-1.927,5.80,5.80,82.63,68.93,6.140,8.10,6.153,6.153,
11.400,20.970,0.095,0.180,196.986,998.124,-1.927,5.84,5.84,83.61,72.00,6.414,8.11,6.428,6.428,
11.500,20.970,0.095,0.180,196.964,998.124,-1.927,5.87,5.87,87.53,72.16,6.428,8.09,6.442,6.442,
11.600,20.970,0.095,0.180,197.126,998.125,-1.927,5.90,5.90,87.22,68.02,6.058,8.11,6.070,6.071,
11.700,20.970,0.095,0.180,197.144,998.125,-1.927,5.90,5.90,86.49,66.16,5.892,8.10,5.904,5.905,
11.800,20.970,0.095,0.179,196.719,998.125,-1.927,5.88,5.88,85.91,71.40,6.358,8.10,6.372,6.372,
11.900,20.970,0.095,0.181,198.727,998.127,-1.927,5.88,5.88,87.24,81.70,7.276,8.11,7.292,7.292,
12.000,20.969,0.095,0.180,197.916,998.127,-1.927,5.86,5.86,86.42,79.65,7.093,8.11,7.109,7.109,
12.100,20.970,0.095,0.180,197.401,998.127,-1.927,5.87,5.87,86.70,82.77,7.372,8.10,7.387,7.388,
12.200,20.970,0.095,0.179,196.956,998.127,-1.927,5.85,5.85,86.13,79.88,7.114,8.11,7.129,7.130,
12.300,20.970,0.095,0.180,196.988,998.128,-1.927,5.87,5.87,86.32,67.27,5.990,8.10,6.003,6.003,
12.400,20.969,0.095,0.179,196.708,998.128,-1.927,5.84,5.84,84.36,66.82,5.951,8.08,5.964,5.964,
12.500,20.971,0.095,0.180,197.281,998.129,-1.927,5.87,5.87,86.68,77.29,6.883,8.11,6.898,6.898,
12.600,20.971,0.095,0.180,197.016,998.129,-1.928,5.76,5.76,79.34,68.88,6.136,8.10,6.149,6.150,
12.700,20.971,0.095,0.180,197.083,998.129,-1.928,5.69,5.69,77.18,65.68,5.852,8.10,5.864,5.864,
12.800,20.970,0.095,0.180,197.565,998.130,-1.927,5.71,5.71,80.29,70.32,6.265,8.09,6.278,6.278,
12.900,20.970,0.095,0.180,197.949,998.131,-1.927,5.82,5.82,83.96,75.18,6.697,8.09,6.711,6.712,
13.000,20.969,0.095,0.180,197.613,998.131,-1.927,5.84,5.84,84.99,73.21,6.521,8.11,6.535,6.536,
13.100,20.969,0.095,0.180,197.452,998.132,-1.927,5.84,5.84,85.53,68.44,6.096,8.10,6.109,6.109,
13.200,20.970,0.095,0.180,197.087,998.132,-1.927,5.82,5.82,86.59,69.69,6.206,8.11,6.220,6.220,
13.300,20.970,0.095,0.180,197.371,998.132,-1.927,5.82,5.82,86.07,78.64,7.004,8.11,7.018,7.019,
13.400,20.970,0.095,0.180,197.189,998.133,-1.927,5.82,5.82,85.62,71.13,6.335,8.11,6.348,6.348,
13.500,20.970,0.095,0.180,197.467,998.133,-1.927,5.83,5.83,86.94,62.94,5.605,8.10,5.617,5.618,
13.600,20.971,0.095,0.179,196.680,998.133,-1.928,5.85,5.85,86.38,78.59,6.999,8.11,7.014,7.014,
13.700,20.972,0.095,0.179,196.668,998.133,-1.928,5.86,5.86,85.65,69.55,6.194,8.11,6.207,6.208,
13.800,20.971,0.094,0.179,196.614,998.134,-1.928,5.88,5.88,88.02,68.19,6.072,8.11,6.085,6.085,
13.900,20.971,0.094,0.179,196.217,998.134,-1.928,5.78,5.78,84.10,68.34,6.086,8.10,6.099,6.100,
14.000,20.971,0.094,0.179,196.525,998.135,-1.928,5.78,5.78,79.75,84.68,7.543,8.10,7.559,7.559,
14.100,20.971,0.095,0.179,196.660,998.135,-1.928,5.92,5.92,86.53,67.49,6.011,8.12,6.023,6.024,
14.200,20.971,0.095,0.179,196.867,998.136,-1.928,5.89,5.89,85.59,69.60,6.198,8.11,6.211,6.212,
14.300,20.971,0.094,0.179,196.524,998.136,-1.928,5.86,5.86,84.51,73.96,6.586,8.11,6.600,6.601,
14.400,20.971,0.095,0.179,196.907,998.137,-1.928,5.86,5.86,83.90,73.19,6.516,8.11,6.530,6.531,
14.500,20.972,0.094,0.179,196.435,998.137,-1.928,5.85,5.85,84.17,63.67,5.669,8.11,5.681,5.681,
14.600,20.972,0.094,0.179,196.193,998.137,-1.928,5.87,5.87,85.59,67.54,6.014,8.10,6.026,6.027,
14.700,20.971,0.094,0.179,196.469,998.138,-1.928,5.87,5.87,83.26,70.09,6.241,8.11,6.254,6.254,
14.800,20.972,0.095,0.179,196.854,998.138,-1.928,5.86,5.86,84.78,69.47,6.186,8.10,6.199,6.199,
14.900,20.970,0.095,0.180,197.531,998.139,-1.927,5.84,5.84,82.41,65.37,5.822,8.11,5.834,5.834,
15.000,20.970,0.095,0.180,197.468,998.140,-1.927,5.76,5.76,78.98,78.58,6.999,8.11,7.013,7.014,
15.100,20.970,0.095,0.180,197.446,998.140,-1.927,5.86,5.86,86.08,70.38,6.268,8.08,6.281,6.282,
15.200,20.971,0.095,0.180,197.441,998.141,-1.927,5.87,5.87,85.86,68.70,6.118,8.12,6.131,6.131,
15.300,20.970,0.095,0.180,197.874,998.141,-1.927,5.90,5.90,87.32,71.94,6.405,8.11,6.419,6.419,
15.400,20.970,0.095,0.180,198.043,998.142,-1.927,5.90,5.90,87.18,72.00,6.411,8.11,6.425,6.425,
15.500,20.970,0.095,0.180,197.618,998.142,-1.927,5.89,5.89,85.15,71.93,6.404,8.10,6.418,6.418,
15.600,20.970,0.095,0.180,197.335,998.143,-1.927,5.86,5.86,84.64,73.04,6.504,8.10,6.518,6.518,
