Depth [m],Temp. [deg C],Sal. [ ],Cond. [mS/cm],EC25 [uS/cm],Density [kg/m^3],SigmaT [ ],Chl-Flu. [ppb],Chl-a [ug/l],Turb-M [FTU],DO [%],Weiss-DO [mg/l],Batt. [V],G&G-DO [mg/l],B&K-DO [mg/l],
0.000,21.713,0.014,0.012,12.703,997.847,-2.153,-2.38,-2.38,7.73,68.31,6.002,8.19,6.015,6.016,
0.100,21.438,0.111,0.214,231.790,997.983,-2.017,4.07,4.07,66.26,70.50,6.217,8.11,6.231,6.231,
0.200,21.440,0.120,0.232,251.584,997.990,-2.011,4.25,4.25,68.05,58.18,5.130,8.11,5.141,5.141,
0.300,21.439,0.120,0.231,250.427,997.990,-2.011,4.78,4.78,71.93,68.90,6.074,8.12,6.087,6.087,
0.400,21.436,0.121,0.234,253.542,997.993,-2.009,5.95,5.95,75.26,72.28,6.372,8.14,6.386,6.387,
0.500,21.437,0.121,0.233,253.355,997.993,-2.009,6.05,6.05,73.66,68.96,6.079,8.12,6.092,6.093,
0.600,21.439,0.121,0.234,253.582,997.993,-2.010,5.88,5.88,76.85,74.65,6.580,8.11,6.595,6.595,
0.700,21.445,0.121,0.233,252.829,997.992,-2.011,5.32,5.32,76.21,79.47,7.004,8.11,7.020,7.020,
0.800,21.445,0.121,0.233,252.555,997.992,-2.011,4.86,4.86,72.73,71.22,6.277,8.14,6.291,6.291,
0.900,21.447,0.121,0.233,252.690,997.992,-2.012,4.68,4.68,69.92,61.24,5.398,8.11,5.410,5.410,
1.000,21.449,0.120,0.232,251.198,997.992,-2.013,4.58,4.58,70.36,75.66,6.668,8.12,6.683,6.683,
1.100,21.449,0.121,0.233,252.792,997.993,-2.012,4.52,4.52,70.54,68.66,6.051,8.12,6.065,6.065,
1.200,21.446,0.121,0.233,252.607,997.994,-2.012,4.44,4.44,69.27,65.47,5.770,8.12,5.783,5.783,
1.300,21.444,0.121,0.233,252.653,997.995,-2.011,4.46,4.46,68.71,73.25,6.456,8.12,6.470,6.471,
1.400,21.441,0.121,0.233,252.426,997.996,-2.011,4.44,4.44,69.98,69.01,6.082,8.14,6.096,6.096,
1.500,21.442,0.121,0.233,252.364,997.996,-2.011,4.45,4.45,70.83,74.97,6.608,8.14,6.622,6.623,
1.600,21.442,0.121,0.232,252.053,997.996,-2.011,4.46,4.46,71.11,63.45,5.593,8.14,5.605,5.605,
1.700,21.442,0.121,0.233,252.794,997.997,-2.011,4.51,4.51,74.16,69.20,6.099,8.12,6.113,6.113,
1.800,21.439,0.121,0.233,252.698,997.998,-2.010,4.51,4.51,75.21,62.28,5.489,8.12,5.501,5.501,
1.900,21.435,0.122,0.234,254.344,998.000,-2.009,4.52,4.52,74.95,61.50,5.421,8.12,5.432,5.433,
2.000,21.426,0.122,0.235,254.744,998.003,-2.006,4.53,4.53,73.84,66.42,5.855,8.11,5.868,5.869,
2.100,21.412,0.123,0.236,256.498,998.007,-2.003,4.52,4.52,73.39,71.64,6.316,8.11,6.329,6.330,
2.200,21.403,0.123,0.236,256.539,998.009,-2.001,4.51,4.51,72.55,75.65,6.670,8.12,6.684,6.685,
2.300,21.400,0.123,0.236,256.728,998.010,-2.000,4.46,4.46,70.97,67.35,5.940,8.11,5.953,5.953,
2.400,21.404,0.123,0.236,256.295,998.010,-2.001,4.45,4.45,71.38,74.18,6.542,8.11,6.556,6.557,
2.500,21.405,0.123,0.236,256.710,998.010,-2.001,4.44,4.44,71.17,71.06,6.267,8.11,6.280,6.281,
2.600,21.398,0.123,0.237,256.956,998.012,-1.999,4.46,4.46,70.98,70.05,6.178,8.11,6.191,6.192,
2.700,21.399,0.123,0.236,256.813,998.012,-2.000,4.34,4.34,65.56,74.13,6.538,8.12,6.552,6.552,
2.800,21.416,0.122,0.234,254.304,998.008,-2.004,4.31,4.31,65.65,63.47,5.597,8.12,5.609,5.609,
2.900,21.407,0.123,0.236,256.496,998.011,-2.002,4.38,4.38,67.39,72.77,6.417,8.12,6.431,6.431,
3.000,21.409,0.122,0.236,255.799,998.011,-2.002,4.41,4.41,68.91,68.95,6.080,8.11,6.093,6.094,
3.100,21.413,0.122,0.235,254.605,998.010,-2.004,4.42,4.42,69.56,70.76,6.240,8.12,6.254,6.254,
3.200,21.395,0.125,0.241,261.999,998.017,-1.997,4.46,4.46,71.86,68.01,5.998,8.11,6.011,6.011,
3.300,21.383,0.125,0.240,260.534,998.020,-1.995,4.49,4.49,71.99,69.96,6.171,8.12,6.185,6.185,
3.400,21.371,0.132,0.254,276.503,998.029,-1.986,4.50,4.50,72.00,74.89,6.606,8.12,6.620,6.621,
3.500,21.366,0.134,0.258,279.888,998.031,-1.984,4.47,4.47,69.40,66.97,5.909,8.12,5.922,5.922,
3.600,21.357,0.144,0.276,300.519,998.041,-1.975,4.43,4.43,68.39,65.16,5.749,8.12,5.762,5.762,
3.700,21.353,0.144,0.278,301.947,998.043,-1.973,4.39,4.39,66.28,69.15,6.103,8.12,6.116,6.116,
3.800,21.354,0.145,0.279,303.638,998.044,-1.973,4.33,4.33,64.67,72.22,6.374,8.12,6.388,6.388,
3.900,21.354,0.145,0.280,304.566,998.045,-1.973,4.35,4.35,65.14,69.77,6.159,8.11,6.172,6.172,
4.000,21.353,0.145,0.280,304.202,998.045,-1.973,4.41,4.41,68.83,68.68,6.062,8.11,6.075,6.075,
4.100,21.352,0.158,0.305,331.600,998.056,-1.962,4.49,4.49,72.38,79.41,7.008,8.12,7.023,7.024,
4.200,21.349,0.162,0.311,338.390,998.060,-1.959,4.52,4.52,72.95,65.12,5.747,8.11,5.760,5.760,
4.300,21.350,0.167,0.321,349.124,998.064,-1.956,4.55,4.55,73.89,67.76,5.980,8.13,5.993,5.994,
4.400,21.350,0.168,0.323,350.807,998.065,-1.955,4.54,4.54,73.62,65.75,5.803,8.11,5.815,5.815,
4.500,21.348,0.172,0.331,359.492,998.069,-1.951,4.57,4.57,73.64,62.96,5.556,8.12,5.568,5.569,
4.600,21.347,0.176,0.339,368.219,998.073,-1.948,4.58,4.58,74.02,72.99,6.441,8.11,6.455,6.455,
4.700,21.352,0.207,0.398,432.231,998.096,-1.925,4.60,4.60,73.62,65.66,5.793,8.12,5.806,5.806,
4.800,21.354,0.214,0.412,447.517,998.101,-1.920,4.62,4.62,73.75,66.85,5.898,8.11,5.911,5.911,
4.900,21.355,0.219,0.420,457.031,998.105,-1.917,4.63,4.63,74.35,77.22,6.813,8.12,6.828,6.828,
5.000,21.357,0.224,0.430,467.717,998.109,-1.913,4.67,4.67,74.17,79.87,7.046,8.12,7.061,7.062,
5.100,21.359,0.226,0.434,471.772,998.111,-1.912,4.61,4.61,74.08,84.05,7.414,8.14,7.430,7.430,
5.200,21.358,0.227,0.436,473.593,998.112,-1.911,4.60,4.60,73.77,78.28,6.905,8.12,6.920,6.921,
5.300,21.359,0.229,0.439,477.426,998.114,-1.910,4.57,4.57,72.74,66.62,5.877,8.11,5.890,5.890,
5.400,21.360,0.229,0.441,478.858,998.114,-1.910,4.54,4.54,71.12,59.24,5.226,8.12,5.237,5.237,
5.500,21.360,0.232,0.445,484.185,998.117,-1.908,4.53,4.53,69.16,81.53,7.192,8.11,7.207,7.208,
5.600,21.361,0.237,0.454,493.693,998.120,-1.905,4.47,4.47,67.80,81.98,7.232,8.12,7.247,7.248,
5.700,21.362,0.239,0.458,498.019,998.122,-1.903,4.52,4.52,70.43,95.93,8.462,8.11,8.480,8.480,
5.800,21.363,0.242,0.465,505.180,998.125,-1.901,4.60,4.60,71.72,54.57,4.813,8.11,4.824,4.824,
5.900,21.363,0.243,0.465,505.658,998.126,-1.900,4.60,4.60,72.05,65.92,5.814,8.12,5.827,5.827,
6.000,21.363,0.249,0.478,519.388,998.132,-1.895,4.59,4.59,73.26,61.22,5.399,8.11,5.411,5.411,
6.100,21.363,0.248,0.475,516.811,998.131,-1.896,4.60,4.60,73.18,64.79,5.714,8.11,5.727,5.727,
6.200,21.363,0.255,0.489,531.468,998.137,-1.891,4.62,4.62,73.88,91.54,8.073,8.12,8.091,8.091,
6.300,21.364,0.259,0.495,538.173,998.140,-1.889,4.62,4.62,73.50,75.81,6.686,8.12,6.700,6.701,
6.400,21.364,0.264,0.506,549.649,998.144,-1.884,4.62,4.62,73.88,53.54,4.721,8.14,4.732,4.732,
6.500,21.365,0.270,0.517,561.696,998.149,-1.880,4.56,4.56,70.72,85.37,7.528,8.12,7.545,7.545,
6.600,21.366,0.280,0.535,581.963,998.157,-1.873,4.50,4.50,67.30,79.54,7.014,8.12,7.029,7.029,
6.700,21.367,0.292,0.557,605.495,998.166,-1.864,4.48,4.48,67.19,71.36,6.291,8.12,6.305,6.305,
6.800,21.361,0.328,0.624,678.458,998.195,-1.835,4.60,4.60,70.65,107.54,9.480,8.12,9.501,9.502,
6.900,21.355,0.343,0.652,708.998,998.209,-1.822,4.64,4.64,72.95,116.87,10.302,8.11,10.325,10.325,
7.000,21.350,0.349,0.664,722.006,998.215,-1.816,4.63,4.63,72.16,69.33,6.112,8.11,6.125,6.125,
7.100,21.348,0.354,0.672,730.978,998.219,-1.812,4.67,4.67,73.09,45.93,4.049,8.12,4.058,4.058,
7.200,21.343,0.367,0.696,756.490,998.231,-1.801,4.65,4.65,73.50,95.50,8.419,8.11,8.437,8.438,
7.300,21.340,0.373,0.708,769.698,998.237,-1.796,4.67,4.67,73.07,102.07,8.999,8.11,9.018,9.019,
7.400,21.336,0.384,0.728,791.301,998.246,-1.787,4.65,4.65,73.15,53.61,4.727,8.12,4.737,4.737,
7.500,21.333,0.392,0.742,807.120,998.253,-1.780,4.65,4.65,72.60,78.77,6.945,8.12,6.960,6.960,
7.600,21.332,0.393,0.743,808.735,998.255,-1.779,4.61,4.61,70.64,72.49,6.391,8.11,6.404,6.405,
7.700,21.332,0.393,0.744,809.509,998.256,-1.779,4.62,4.62,71.25,55.08,4.856,8.11,4.867,4.867,
7.800,21.329,0.396,0.749,815.305,998.259,-1.776,4.60,4.60,71.39,80.25,7.075,8.12,7.091,7.091,
7.900,21.327,0.409,0.772,840.007,998.269,-1.766,4.65,4.65,72.30,75.13,6.624,8.12,6.639,6.639,
8.000,21.326,0.415,0.783,852.401,998.275,-1.761,4.67,4.67,73.22,71.93,6.341,8.11,6.355,6.356,
8.100,21.325,0.421,0.796,865.619,998.280,-1.756,4.66,4.66,73.14,66.06,5.824,8.11,5.836,5.837,
8.200,21.321,0.451,0.849,923.974,998.304,-1.733,4.69,4.69,73.84,83.17,7.332,8.12,7.348,7.348,
8.300,21.318,0.467,0.878,955.205,998.317,-1.720,4.68,4.68,73.55,75.96,6.696,8.12,6.710,6.710,
8.400,21.316,0.475,0.892,971.057,998.324,-1.713,4.67,4.67,73.23,73.48,6.477,8.12,6.491,6.492,
8.500,21.315,0.481,0.904,984.222,998.330,-1.708,4.64,4.64,72.16,77.32,6.815,8.12,6.830,6.831,
8.600,21.315,0.483,0.908,987.719,998.332,-1.707,4.69,4.69,72.19,70.48,6.213,8.11,6.226,6.226,
8.700,21.315,0.484,0.909,988.729,998.333,-1.706,4.63,4.63,72.22,68.85,6.069,8.12,6.082,6.083,
8.800,21.314,0.486,0.913,994.090,998.335,-1.704,4.73,4.73,72.88,75.03,6.614,8.11,6.628,6.628,
8.900,21.314,0.493,0.926,1007.677,998.341,-1.699,4.69,4.69,73.94,77.16,6.802,8.12,6.817,6.817,
9.000,21.314,0.497,0.933,1014.863,998.344,-1.696,4.67,4.67,73.33,68.17,6.009,8.12,6.022,6.022,
9.100,21.314,0.505,0.948,1031.532,998.351,-1.690,4.70,4.70,74.33,80.20,7.069,8.11,7.085,7.085,
9.200,21.313,0.512,0.959,1043.955,998.357,-1.685,4.68,4.68,74.80,67.89,5.984,8.11,5.997,5.997,
9.300,21.304,0.594,1.107,1205.171,998.422,-1.620,4.67,4.67,74.55,62.43,5.500,8.12,5.512,5.512,
9.400,21.291,0.669,1.240,1350.259,998.482,-1.560,4.67,4.67,73.58,64.77,5.705,8.12,5.717,5.718,
9.500,21.276,0.741,1.367,1489.155,998.540,-1.502,4.67,4.67,72.59,76.25,6.714,8.12,6.729,6.729,
9.600,21.256,0.843,1.546,1685.279,998.623,-1.420,4.63,4.63,70.50,67.24,5.920,8.11,5.933,5.933,
9.700,21.241,0.944,1.722,1877.521,998.703,-1.340,4.60,4.60,69.45,70.65,6.218,8.12,6.232,6.232,
9.800,21.232,0.967,1.762,1921.522,998.724,-1.320,4.57,4.57,68.38,71.18,6.264,8.11,6.278,6.278,
9.900,21.227,0.987,1.795,1957.894,998.740,-1.305,4.56,4.56,68.58,71.42,6.286,8.12,6.300,6.300,
10.000,21.219,1.029,1.869,2038.267,998.774,-1.270,4.56,4.56,68.28,76.93,6.771,8.11,6.786,6.786,
10.100,21.196,1.197,2.157,2354.492,998.908,-1.137,4.51,4.51,67.33,69.59,6.120,8.13,6.133,6.134,
10.200,21.182,1.293,2.320,2533.232,998.984,-1.061,4.52,4.52,67.55,74.28,6.531,8.12,6.545,6.545,
10.300,21.175,1.348,2.413,2634.386,999.027,-1.019,4.57,4.57,66.89,71.29,6.267,8.11,6.281,6.281,
10.400,21.166,1.393,2.490,2719.007,999.064,-0.982,4.53,4.53,66.44,71.79,6.312,8.14,6.325,6.326,
10.500,21.164,1.408,2.514,2745.748,999.076,-0.971,4.51,4.51,65.11,69.71,6.128,8.11,6.141,6.141,
10.600,21.158,1.474,2.625,2866.910,999.128,-0.919,4.53,4.53,65.12,65.46,5.752,8.12,5.765,5.765,
10.700,21.152,1.511,2.687,2935.187,999.158,-0.890,4.52,4.52,65.40,70.84,6.225,8.09,6.238,6.239,
10.800,21.151,1.519,2.701,2950.374,999.165,-0.884,4.53,4.53,65.36,67.13,5.899,8.12,5.912,5.912,
10.900,21.151,1.524,2.710,2960.523,999.169,-0.879,4.57,4.57,64.98,73.12,6.425,8.11,6.439,6.439,
11.000,21.150,1.528,2.717,2968.017,999.173,-0.876,4.54,4.54,64.98,69.57,6.113,8.11,6.126,6.126,
11.100,21.139,1.682,2.974,3250.093,999.293,-0.757,4.52,4.52,64.04,69.57,6.109,8.12,6.122,6.122,
11.200,21.126,1.767,3.114,3404.527,999.360,-0.690,4.60,4.60,63.76,64.42,5.655,8.12,5.667,5.668,
11.300,21.100,1.923,3.371,3687.561,999.485,-0.566,4.54,4.54,63.04,77.26,6.778,8.12,6.793,6.793,
11.400,21.082,2.047,3.575,3912.246,999.583,-0.468,4.54,4.54,62.01,73.68,6.461,8.11,6.475,6.476,
11.500,21.044,3.077,5.242,5741.431,1000.373,0.321,4.33,4.33,54.33,67.32,5.874,8.11,5.887,5.887,
11.600,20.996,3.646,6.139,6731.805,1000.815,0.763,4.20,4.20,50.14,69.16,6.022,8.12,6.035,6.035,
11.700,20.842,4.342,7.203,7928.119,1001.376,1.324,4.11,4.11,46.75,75.20,6.537,8.11,6.551,6.551,
11.800,20.741,5.115,8.374,9239.928,1001.984,1.931,4.08,4.08,44.69,76.83,6.660,8.11,6.674,6.674,
11.900,20.590,5.818,9.409,10420.219,1002.549,2.497,3.90,3.90,39.22,76.53,6.619,8.11,6.634,6.634,
12.000,20.471,7.063,11.236,12479.192,1003.518,3.465,3.82,3.82,37.97,72.47,6.232,8.12,6.246,6.245,
12.100,20.333,7.586,11.970,13339.888,1003.945,3.892,3.79,3.79,35.70,68.25,5.861,8.12,5.874,5.873,
12.200,20.303,7.749,12.200,13606.268,1004.076,4.022,3.80,3.80,35.79,69.48,5.967,8.11,5.980,5.980,
12.300,20.264,8.072,12.659,14131.107,1004.329,4.274,3.88,3.88,36.17,72.93,6.259,8.11,6.273,6.273,
12.400,20.257,8.117,12.723,14205.009,1004.365,4.310,3.83,3.83,35.84,73.22,6.284,8.11,6.298,6.298,
12.500,20.239,8.442,13.188,14730.864,1004.615,4.560,3.79,3.79,35.81,74.53,6.386,8.11,6.400,6.400,
12.600,20.219,8.572,13.370,14941.401,1004.719,4.663,3.79,3.79,35.81,76.72,6.572,8.12,6.586,6.586,
12.700,20.165,8.957,13.908,15562.961,1005.022,4.966,3.81,3.81,35.96,72.01,6.161,8.11,6.175,6.174,
12.800,20.146,10.309,15.826,17717.826,1006.049,5.992,3.78,3.78,35.53,75.62,6.425,8.11,6.439,6.439,
12.900,20.068,11.769,17.848,20020.160,1007.171,7.114,3.86,3.86,35.47,75.02,6.323,8.11,6.337,6.337,
13.000,19.945,12.347,18.603,20930.886,1007.637,7.580,3.70,3.70,33.60,70.42,5.919,8.11,5.932,5.932,
13.100,19.876,14.629,21.701,24458.098,1009.380,9.322,3.60,3.60,33.01,75.32,6.259,8.11,6.273,6.272,
13.200,19.711,15.164,22.347,25289.682,1009.824,9.766,3.44,3.44,31.31,79.71,6.627,8.11,6.641,6.641,
13.300,19.500,16.329,23.803,27079.036,1010.755,10.696,3.35,3.35,29.90,70.59,5.850,8.12,5.863,5.862,
13.400,19.425,16.765,24.344,27746.826,1011.103,11.045,3.34,3.34,29.12,73.63,6.095,8.11,6.109,6.108,
13.500,19.352,17.298,25.009,28557.516,1011.524,11.465,3.26,3.26,29.19,77.65,6.417,8.11,6.431,6.431,
13.600,19.222,18.599,26.643,30523.182,1012.541,12.482,3.17,3.17,30.19,72.13,5.927,8.11,5.940,5.939,
13.700,19.099,20.242,28.700,32982.472,1013.818,13.757,3.04,3.04,30.99,68.93,5.615,8.10,5.627,5.627,
13.800,18.569,26.497,36.207,42174.253,1018.699,18.639,3.21,3.21,47.49,70.18,5.541,8.11,5.552,5.552,
13.900,18.184,28.398,38.217,44958.092,1020.240,20.180,3.62,3.62,68.90,69.55,5.472,8.11,5.483,5.483,
14.000,18.103,28.709,38.524,45415.474,1020.497,20.437,3.72,3.72,73.48,70.50,5.549,8.11,5.560,5.560,
14.100,18.016,28.856,38.628,45640.641,1020.631,20.569,3.96,3.96,78.13,66.70,5.256,8.11,5.266,5.266,
14.200,17.997,28.896,38.660,45700.324,1020.666,20.604,3.90,3.90,79.71,73.05,5.763,8.11,5.774,5.774,
14.300,17.980,28.978,38.745,45821.141,1020.733,20.671,3.93,3.93,84.77,69.22,5.466,8.11,5.477,5.477,
14.400,17.977,29.006,38.775,45860.589,1020.755,20.693,4.02,4.02,86.84,79.30,6.265,8.11,6.277,6.277,
14.500,17.974,29.015,38.784,45874.850,1020.764,20.701,4.09,4.09,87.16,74.33,5.871,8.11,5.883,5.882,
14.600,17.971,29.056,38.830,45933.133,1020.796,20.733,4.02,4.02,87.10,73.29,5.792,8.11,5.802,5.802,
14.700,17.969,29.083,38.861,45972.444,1020.818,20.754,4.06,4.06,87.76,73.65,5.821,8.11,5.832,5.832,
14.800,17.967,29.079,38.855,45967.348,1020.816,20.751,4.16,4.16,89.16,76.95,6.083,8.11,6.095,6.094,
14.900,17.963,29.097,38.873,45993.714,1020.831,20.766,4.14,4.14,92.94,67.24,5.316,8.12,5.325,5.325,
15.000,17.963,29.089,38.863,45981.556,1020.825,20.760,4.11,4.11,92.72,68.26,5.396,8.11,5.406,5.406,
15.100,17.964,29.086,38.861,45976.924,1020.822,20.757,4.10,4.10,93.87,80.41,6.356,8.11,6.367,6.367,
15.200,17.965,29.091,38.867,45984.213,1020.827,20.761,4.14,4.14,94.25,82.35,6.506,8.11,6.519,6.519,
15.300,17.962,29.104,38.881,46003.470,1020.838,20.771,4.03,4.03,94.01,75.53,5.969,8.11,5.981,5.981,
15.400,17.962,29.118,38.897,46023.420,1020.849,20.782,4.12,4.12,96.18,69.64,5.504,8.11,5.515,5.515,
15.500,17.960,29.134,38.915,46046.423,1020.862,20.795,4.26,4.26,100.22,69.52,5.496,8.11,5.506,5.506,
15.600,17.959,29.136,38.917,46049.496,1020.864,20.796,4.25,4.25,101.42,70.05,5.539,8.11,5.549,5.549,
15.700,17.958,29.152,38.934,46072.508,1020.877,20.809,4.27,4.27,103.96,68.28,5.399,8.11,5.409,5.409,
15.800,17.957,29.167,38.952,46094.521,1020.890,20.821,4.30,4.30,104.25,72.92,5.765,8.11,5.776,5.776,
15.900,17.959,29.170,38.957,46098.245,1020.892,20.823,4.40,4.40,104.92,72.27,5.711,8.11,5.721,5.721,
16.000,17.959,29.168,38.954,46095.068,1020.890,20.821,4.27,4.27,103.91,84.52,6.681,8.11,6.694,6.693,
16.100,17.958,29.128,38.906,46038.923,1020.861,20.791,4.28,4.28,104.88,77.21,6.105,8.11,6.117,6.117,
16.200,17.957,29.136,38.916,46050.766,1020.868,20.797,4.28,4.28,104.06,73.88,5.842,8.11,5.853,5.853,
16.300,17.957,29.146,38.927,46064.186,1020.875,20.804,4.36,4.36,104.67,78.25,6.187,8.11,6.198,6.198,
16.400,17.956,29.143,38.924,46061.415,1020.874,20.803,4.33,4.33,104.72,78.86,6.236,8.11,6.248,6.248,
16.500,17.955,29.152,38.933,46074.116,1020.882,20.810,4.40,4.40,105.52,73.82,5.837,8.11,5.848,5.848,
16.600,17.954,29.154,38.934,46076.859,1020.884,20.812,4.33,4.33,108.50,75.14,5.942,8.11,5.954,5.954,
16.700,17.952,29.156,38.935,46080.775,1020.887,20.814,4.40,4.40,110.48,73.58,5.819,8.11,5.830,5.830,
16.800,17.950,29.157,38.935,46082.435,1020.888,20.815,4.47,4.47,111.70,76.50,6.049,8.11,6.061,6.061,
16.900,17.950,29.155,38.932,46079.143,1020.887,20.813,4.40,4.40,112.14,76.00,6.010,8.11,6.021,6.021,
17.000,17.950,29.156,38.934,46080.930,1020.888,20.814,4.52,4.52,110.74,69.39,5.488,8.11,5.498,5.498,
17.100,17.950,29.156,38.934,46081.061,1020.889,20.814,4.50,4.50,109.34,71.40,5.647,8.11,5.658,5.658,
17.200,17.950,29.155,38.933,46079.135,1020.888,20.813,4.46,4.46,110.37,75.30,5.956,8.11,5.967,5.967,
17.300,17.950,29.153,38.930,46076.026,1020.887,20.812,4.53,4.53,109.96,77.40,6.122,8.11,6.134,6.133,
17.400,17.950,29.151,38.928,46074.404,1020.886,20.811,4.49,4.49,109.08,78.04,6.173,8.11,6.184,6.184,
17.500,17.950,29.159,38.937,46084.526,1020.892,20.816,4.47,4.47,109.84,81.53,6.448,8.10,6.460,6.460,
17.600,17.949,29.160,38.937,46086.423,1020.894,20.817,4.46,4.46,111.96,70.39,5.566,8.11,5.577,5.576,
17.700,17.951,29.158,38.937,46083.422,1020.892,20.815,4.57,4.57,109.51,76.28,6.031,8.11,6.042,6.042,
17.800,17.949,29.184,38.966,46120.419,1020.913,20.835,5.02,5.02,115.23,72.23,5.710,8.11,5.720,5.720,
17.900,17.952,29.169,38.950,46098.555,1020.901,20.823,4.88,4.88,117.04,74.17,5.862,8.12,5.872,5.872,
18.000,17.949,29.173,38.954,46105.238,1020.905,20.827,5.15,5.15,121.45,71.14,5.621,8.11,5.632,5.632,
18.100,17.950,29.168,38.949,46098.724,1020.902,20.824,4.97,4.97,120.66,74.49,5.886,8.11,5.897,5.897,
18.200,17.950,29.167,38.947,46096.782,1020.902,20.822,4.94,4.94,118.56,75.63,5.977,8.11,5.988,5.988,
18.300,17.949,29.169,38.949,46099.821,1020.904,20.824,4.86,4.86,117.65,76.20,6.023,8.10,6.034,6.034,
18.400,17.949,29.169,38.949,46100.494,1020.905,20.825,4.74,4.74,120.09,75.65,5.979,8.11,5.991,5.991,
18.500,17.952,29.182,38.966,46117.351,1020.914,20.833,4.83,4.83,127.61,67.36,5.327,8.11,5.337,5.337,
